1000 2000
25 604
36 663
266 647
267 668
554 254
64 537
273 737
868 185
893 124
148 180
521 511
583 874
712 727
860 477
195 449
871 632
589 823
28 802
499 121
600 514
309 172
533 96
746 487
735 673
114 576
867 144
71 461
767 335
540 587
961 439
429 797
262 173
642 907
301 995
336 539
227 623
30 776
550 572
662 683
653 658
503 820
219 967
956 966
360 940
523 629
342 810
362 712
641 243
385 614
858 218
892 766
101 331
456 971
995 251
894 162
940 921
304 117
921 120
341 199
160 46
496 822
583 560
467 488
692 23
749 723
250 983
66 930
421 594
229 668
798 616
585 247
293 893
593 615
151 104
378 225
206 630
878 408
74 602
32 547
413 722
850 894
618 577
414 695
3 130
923 67
637 325
612 113
67 513
686 506
184 728
597 528
491 402
87 265
279 660
575 968
90 551
340 48
361 184
354 267
403 531
71 267
337 310
583 156
812 286
669 857
714 901
154 626
252 773
452 765
572 855
982 978
686 711
214 644
661 696
376 79
34 795
240 463
734 899
262 660
867 592
141 859
604 886
403 410
923 512
625 220
770 869
925 952
996 134
889 171
503 881
232 202
550 667
962 915
533 94
525 129
475 374
284 480
506 711
401 360
675 579
715 834
883 804
426 672
192 546
331 520
361 938
139 37
186 541
63 56
779 984
133 516
367 472
262 767
111 536
68 340
605 906
597 654
236 910
331 794
895 633
14 509
854 948
449 629
793 404
286 862
977 14
795 75
157 666
349 672
550 659
1 113
63 624
143 813
728 482
163 522
10 45
494 606
165 623
211 754
837 973
385 314
800 368
917 581
504 379
505 754
531 641
247 410
224 586
416 992
780 761
489 406
977 428
603 402
96 342
490 843
720 858
598 83
385 894
848 647
661 686
699 872
896 81
490 290
858 648
580 269
576 268
114 319
513 748
997 951
159 927
706 418
27 957
717 372
206 492
718 288
652 167
703 67
591 38
862 434
999 779
1 178
220 903
785 282
641 359
371 436
678 775
301 343
151 282
276 283
721 131
282 221
541 555
12 430
47 830
427 639
498 519
790 888
706 753
624 320
308 110
661 225
636 728
18 136
641 124
469 45
598 791
838 444
923 279
97 128
284 155
859 917
749 891
799 239
432 759
230 27
206 129
879 384
248 440
80 71
699 561
860 415
65 579
116 448
13 743
67 480
171 71
974 441
805 26
739 583
383 147
843 1
163 358
668 579
350 500
800 960
450 992
198 701
201 128
417 470
816 389
366 695
734 872
740 627
102 376
525 581
832 251
37 724
368 11
689 832
356 105
889 377
140 144
940 666
118 419
206 139
79 670
837 437
999 968
687 783
353 105
172 751
502 785
969 697
248 287
558 199
527 230
249 768
891 579
892 195
27 977
601 956
491 133
927 32
835 242
847 677
463 209
341 602
95 464
630 168
633 151
752 129
113 653
27 103
863 272
306 379
965 181
145 943
996 432
125 532
25 638
164 271
908 315
983 323
180 201
962 72
147 313
281 131
545 958
896 201
129 252
826 752
477 376
612 733
512 173
331 50
989 856
869 446
966 631
977 717
817 502
10 20
843 867
934 144
946 647
216 420
814 938
565 448
303 423
182 325
219 628
801 981
228 362
76 927
545 307
462 624
895 97
528 754
167 207
794 177
186 847
531 86
219 586
532 539
393 23
483 508
139 917
43 908
913 717
80 332
857 598
985 986
223 915
283 330
265 778
781 80
763 424
479 567
616 348
880 576
48 25
210 432
619 846
610 23
969 856
786 321
822 619
383 810
746 256
903 556
216 836
565 978
907 543
962 989
488 540
55 854
803 481
22 79
888 603
775 399
606 799
414 871
936 904
312 915
324 764
960 795
959 413
412 880
157 837
523 377
688 985
867 25
567 752
493 415
982 214
950 900
322 344
455 703
160 369
786 600
694 723
477 262
986 655
775 647
776 807
48 301
920 582
675 450
397 743
696 229
692 164
237 644
390 992
667 825
43 11
607 421
990 342
374 436
937 866
309 197
394 894
937 966
112 360
768 100
821 908
541 907
78 860
935 587
429 999
995 464
567 353
429 357
528 893
553 114
51 293
221 506
894 774
863 33
940 730
63 505
57 172
440 264
911 951
38 491
176 828
513 121
452 533
464 545
269 685
654 606
958 181
591 894
642 867
873 817
588 442
881 720
839 798
542 46
614 970
338 71
395 545
90 882
913 356
98 905
36 379
590 20
647 344
890 926
536 323
54 390
88 764
891 347
29 965
611 364
199 293
680 213
921 531
968 347
797 247
306 95
29 499
883 482
931 301
419 223
875 429
121 596
415 63
182 189
444 647
59 575
186 370
360 263
695 393
600 57
833 130
812 353
588 680
79 229
975 392
972 396
400 234
114 514
571 291
716 510
955 447
468 631
293 656
108 589
671 778
247 131
344 281
824 943
581 301
57 988
608 875
946 233
284 76
374 87
768 426
544 772
550 981
858 340
541 67
471 767
759 285
285 641
238 596
718 900
36 950
65 708
818 378
750 800
464 435
920 7
484 222
924 201
548 981
492 483
570 330
223 556
149 584
265 428
346 175
657 82
605 892
191 562
950 320
283 554
191 757
281 186
44 832
537 405
764 129
27 615
214 913
919 760
974 429
904 219
852 806
804 25
387 479
123 446
521 7
492 581
391 583
912 617
677 982
359 626
1 217
296 699
679 714
410 693
701 254
336 757
528 636
248 137
467 226
644 142
645 574
542 50
738 41
804 616
715 685
272 914
899 777
775 439
770 836
919 86
950 118
119 390
477 966
471 24
290 828
6 761
29 585
75 950
21 838
274 526
702 925
437 210
227 942
368 396
543 323
659 610
203 851
971 845
678 510
492 326
38 375
83 778
319 460
604 969
558 355
876 566
340 793
696 86
576 418
858 984
90 972
221 650
79 430
714 744
855 352
938 527
647 230
270 381
969 322
230 969
446 703
769 157
251 814
484 184
797 141
986 846
927 288
632 271
669 719
840 106
45 211
934 811
6 413
607 782
192 957
195 55
124 545
541 781
600 771
430 824
417 817
522 989
749 493
632 977
618 264
580 621
253 149
895 689
408 782
135 478
216 583
432 744
575 800
66 395
205 486
683 740
280 207
451 45
890 422
785 487
259 280
345 767
793 652
262 594
691 266
535 687
115 986
524 52
637 688
793 596
824 213
109 821
29 788
341 833
453 111
206 197
262 764
121 808
294 310
923 68
439 409
256 520
191 799
622 874
341 273
805 389
707 435
86 943
765 652
5 597
455 537
355 558
331 869
625 150
238 267
13 502
602 14
778 546
837 385
574 218
590 563
527 340
40 338
180 478
544 749
604 530
282 131
175 20
407 914
966 659
23 531
636 138
475 640
593 651
378 230
834 915
897 389
344 410
743 741
119 354
401 539
127 956
250 148
286 184
11 834
142 607
451 170
778 289
495 568
993 282
587 456
664 154
447 396
253 167
546 334
236 641
857 913
332 233
488 940
224 98
115 671
357 708
922 51
527 44
739 528
117 0
895 88
872 649
932 452
272 115
336 126
41 966
499 269
401 973
532 94
695 922
526 660
222 736
603 61
54 936
95 724
472 815
179 702
266 765
523 913
670 715
123 439
500 885
840 962
503 624
106 595
743 898
965 44
181 58
797 96
820 580
298 183
593 861
373 164
739 401
838 767
448 743
677 974
211 246
215 950
285 108
941 722
629 177
56 999
194 95
711 74
975 805
235 313
220 258
318 666
426 7
414 64
820 23
968 948
709 907
259 74
607 380
374 576
979 644
822 188
110 56
84 186
311 435
878 402
10 913
444 616
855 411
47 483
342 243
805 234
370 978
42 349
862 358
957 969
709 67
408 647
468 320
317 593
424 231
534 411
789 672
714 25
167 96
131 21
909 140
655 789
477 755
527 506
530 38
271 463
473 164
713 191
127 808
983 556
416 828
665 931
925 415
413 684
620 635
122 744
184 847
742 670
269 167
842 333
974 356
621 637
218 237
426 690
352 890
325 944
693 942
435 30
530 180
265 389
666 366
711 785
685 276
917 764
471 948
691 598
589 154
944 0
989 990
401 158
467 500
897 922
315 827
575 496
817 496
200 172
938 737
752 610
890 19
857 660
571 697
553 756
59 607
676 741
154 294
104 184
136 142
889 262
627 397
329 54
686 288
926 137
884 382
37 883
165 245
619 275
920 271
895 345
199 127
940 326
808 481
773 367
505 679
962 201
925 367
593 934
905 432
13 498
749 438
265 56
49 431
43 585
945 374
755 400
943 706
134 906
233 857
378 512
880 784
880 654
59 883
228 986
971 92
36 238
736 954
359 611
798 682
672 277
769 403
861 670
620 35
548 470
130 887
955 592
162 311
928 130
152 717
652 884
274 547
12 630
70 117
500 56
619 787
167 526
330 401
572 881
63 750
882 835
922 697
838 173
994 758
564 151
356 633
451 952
658 519
907 354
236 626
445 580
586 212
146 679
525 735
739 77
45 889
893 326
869 398
349 879
264 759
360 108
353 350
463 341
504 921
960 888
207 917
665 647
763 803
701 897
184 606
833 240
505 911
164 47
163 796
764 940
972 157
234 356
630 314
438 175
336 472
660 691
65 486
233 128
137 200
720 777
805 947
268 918
341 726
14 94
460 341
859 319
310 88
78 970
629 655
807 927
844 858
905 398
441 791
343 697
815 925
131 213
633 852
225 191
290 206
846 939
326 646
169 405
138 895
944 559
280 666
326 111
482 293
580 965
896 630
354 248
771 895
404 767
637 972
373 240
871 62
464 906
479 956
315 487
721 717
649 435
713 825
477 56
457 82
843 439
766 835
18 803
101 305
117 913
436 954
816 93
385 791
436 29
752 131
242 45
618 605
352 870
429 621
966 113
990 958
326 65
233 298
886 254
751 3
843 837
83 578
281 497
242 822
162 656
931 866
736 447
523 959
767 520
527 499
241 581
50 852
65 663
65 858
765 305
560 607
129 466
390 156
814 125
582 436
591 841
648 330
490 841
891 509
81 585
338 15
65 350
579 457
525 679
722 732
637 916
732 73
3 497
564 566
966 80
203 854
510 331
474 437
706 875
531 221
552 424
615 268
11 67
153 977
178 964
220 442
182 538
473 478
104 160
586 45
954 970
710 236
934 330
540 871
244 995
592 63
663 310
1 801
814 947
942 916
383 152
839 286
561 936
625 140
14 910
204 189
944 345
989 432
578 736
590 641
38 15
597 562
390 99
505 0
43 757
79 202
569 947
972 280
223 279
897 500
596 451
544 892
607 771
821 2
576 777
503 133
533 313
124 444
347 3
131 984
343 435
110 669
606 489
75 375
421 440
652 393
686 864
429 967
103 775
903 588
341 695
420 96
67 625
445 598
759 334
802 993
698 180
638 347
736 744
130 838
255 819
982 224
73 250
160 282
375 828
496 278
513 224
739 6
995 848
360 634
336 350
28 601
901 483
544 435
413 322
572 54
757 155
75 315
547 536
68 893
864 385
164 85
322 255
632 491
672 702
415 167
803 39
196 746
170 845
32 870
705 177
459 271
258 228
419 254
120 666
755 24
270 41
981 875
838 276
399 346
315 529
599 252
811 603
329 948
491 296
40 932
930 176
41 110
156 242
892 376
462 608
497 307
892 733
1 477
486 957
197 825
232 912
584 325
318 842
720 769
679 3
102 405
525 39
182 505
362 613
462 424
940 386
303 764
800 400
318 155
177 895
272 734
237 851
716 913
533 833
226 165
948 516
734 400
282 56
182 587
49 240
247 845
875 379
821 72
268 427
906 414
626 556
195 240
123 408
604 197
613 859
845 301
524 823
153 710
498 167
691 690
811 735
89 916
139 71
696 55
978 558
240 208
710 478
465 193
650 426
416 333
737 922
48 296
950 127
309 271
358 342
315 614
602 72
14 568
754 505
18 220
856 956
963 515
321 68
312 307
796 609
158 705
497 86
502 761
175 136
330 59
654 841
667 407
937 585
411 105
13 76
535 0
226 197
168 830
540 384
34 259
376 529
709 239
295 681
503 797
700 108
435 560
912 176
103 391
109 583
324 333
101 1
566 579
756 325
193 310
955 382
654 356
453 512
482 511
622 286
711 162
485 255
314 554
886 777
374 235
506 653
803 856
974 709
485 94
711 758
417 895
827 217
467 744
196 429
804 892
86 57
708 958
901 919
893 221
513 575
289 219
715 99
234 564
560 475
638 786
131 495
863 709
342 991
865 477
756 745
669 441
675 582
158 231
324 7
11 14
263 758
718 551
893 606
769 202
436 958
222 95
449 597
95 40
978 656
455 150
934 492
720 228
868 452
181 719
873 485
855 158
551 335
866 655
589 749
265 947
956 318
876 969
137 884
241 10
272 959
726 427
132 357
153 382
170 686
963 89
13 141
525 517
875 26
405 970
297 338
126 695
49 562
407 739
297 133
662 605
78 22
306 436
507 807
393 124
975 372
236 959
6 437
159 788
601 896
268 910
131 638
299 450
739 152
401 74
539 679
512 722
69 493
462 596
210 794
736 740
198 915
233 308
723 162
756 675
141 348
927 464
592 889
544 862
48 588
994 683
500 747
452 103
839 166
242 861
962 705
636 607
383 368
33 898
844 303
270 928
547 735
265 391
947 479
87 347
616 707
935 968
711 589
934 631
923 875
289 284
88 158
42 940
630 257
552 345
752 789
933 470
310 327
890 197
98 183
984 994
678 886
518 325
802 984
504 628
10 758
664 506
481 834
836 941
337 921
747 233
892 101
421 973
926 963
668 888
166 407
717 968
468 24
329 546
295 766
462 753
864 782
586 298
722 600
755 966
255 898
473 657
125 43
959 615
966 871
527 863
792 612
125 247
981 779
287 746
769 786
619 893
973 448
226 529
90 911
408 250
564 219
426 192
841 907
479 542
728 453
883 646
716 700
227 900
794 639
711 824
330 705
140 537
419 867
856 25
12 206
180 963
714 494
461 340
749 727
930 129
379 208
852 967
47 178
723 708
43 952
535 337
931 876
144 15
273 505
835 539
350 693
678 80
238 243
443 611
589 750
726 503
35 448
876 990
861 260
146 40
949 839
522 154
503 476
196 914
928 46
635 479
792 163
928 476
160 132
928 715
149 399
333 800
328 384
634 412
301 180
734 189
835 980
327 14
511 827
382 623
937 869
510 30
554 206
587 543
771 637
772 330
270 289
457 153
453 209
81 386
870 188
924 733
816 45
497 37
15 460
855 766
360 969
348 251
282 448
68 945
266 858
807 375
117 114
345 264
238 774
314 869
763 850
70 63
688 812
900 526
19 757
87 190
341 603
534 425
415 880
668 325
903 619
191 641
153 685
565 885
464 797
662 741
133 551
500 815
911 640
785 65
779 509
337 972
792 617
587 706
469 248
805 909
502 226
404 368
566 931
929 583
922 706
531 688
932 662
616 672
404 40
813 323
499 436
682 726
606 734
261 71
885 307
487 59
902 482
353 560
743 249
181 918
957 75
291 713
753 470
84 731
412 671
968 746
954 361
420 702
704 551
448 328
346 342
739 88
765 962
281 44
626 773
604 670
524 500
980 682
837 27
253 207
859 807
46 475
793 546
109 401
11 998
616 854
164 495
10 257
460 190
431 578
625 578
454 713
101 399
16 383
922 478
456 567
122 521
586 958
568 992
704 729
29 435
61 74
49 634
916 337
222 836
606 44
839 785
896 76
873 298
152 160
747 65
701 813
54 503
426 959
34 85
857 59
590 959
546 938
509 553
301 845
931 852
70 653
227 229
764 962
981 545
730 824
590 944
974 106
962 887
778 184
495 209
376 753
767 677
154 954
173 172
601 132
657 255
515 851
491 166
751 100
217 297
495 975
319 992
633 379
897 458
300 97
94 107
12 122
470 827
5 828
156 119
90 592
288 568
431 459
547 189
128 48
858 975
729 723
632 965
915 413
57 615
48 93
928 505
677 956
115 438
727 428
115 296
930 843
478 382
822 66
407 851
577 697
264 661
63 578
899 59
899 190
342 615
116 137
446 618
442 429
781 351
368 280
446 945
81 692
998 928
342 865
145 161
584 548
96 98
335 511
55 83
846 682
487 499
478 166
632 675
797 353
983 825
25 209
384 741
322 162
723 417
837 35
269 306
200 505
550 764
799 476
451 184
656 10
23 239
858 483
787 699
729 932
553 219
413 736
27 196
717 332
321 874
378 800
501 618
869 976
58 695
546 92
733 550
647 454
184 124
99 616
867 673
346 979
553 44
815 276
166 442
788 56
879 539
411 163
827 710
229 242
247 787
619 736
516 7
514 367
54 75
445 940
485 919
384 505
219 934
816 84
508 437
281 435
890 603
188 228
628 445
887 102
413 287
105 367
900 633
558 163
973 962
964 314
283 156
427 835
263 845
658 548
126 642
34 892
91 918
908 870
292 825
807 19
947 33
750 638
679 178
775 129
662 28
747 548
904 526
944 351
17 417
625 302
316 779
154 146
309 499
473 747
752 566
321 883
563 82
119 262
985 976
853 906
776 775
968 271
16 73
165 284
22 676
520 555
276 747
267 413
612 701
433 951
715 545
295 6
133 29
596 945
300 78
668 461
503 340
697 2
615 389
839 755
774 836
170 172
609 617
52 70
318 24
990 664
708 894
549 677
825 210
739 270
626 495
69 249
986 446
202 79
103 46
521 405
309 852
607 40
367 476
98 577
921 979
227 503
144 315
604 693
53 555
292 9
752 530
57 683
388 686
192 294
649 489
197 321
447 768
344 531
901 385
798 338
417 746
622 112
560 714
226 478
565 906
64 144
298 915
543 824
805 857
891 950
37 923
256 9
794 802
902 926
135 191
409 43
425 642
89 108
644 299
47 38
297 702
623 22
92 735
743 732
397 810
614 957
495 969
241 960
760 174
308 641
925 988
425 767
827 802
483 442
93 516
162 193
224 407
861 588
808 768
487 728
443 661
166 619
627 783
206 494
55 455
724 215
697 630
579 825
962 518
545 670
823 415
288 698
448 942
