200 400
25 4
36 63
66 47
67 68
154 54
64 137
73 137
68 185
93 124
148 180
121 111
183 74
112 127
60 77
195 49
71 32
189 23
28 2
99 121
0 114
109 172
133 96
146 87
135 73
114 176
67 144
71 61
167 135
140 187
161 39
29 197
62 173
42 107
101 195
136 139
27 23
30 176
150 172
62 83
53 58
103 20
19 167
156 166
160 140
123 29
142 10
162 112
41 43
185 14
58 18
92 166
101 131
56 171
195 51
94 162
140 121
104 117
121 120
141 199
160 46
96 22
183 160
67 88
92 23
149 123
50 183
66 130
21 194
29 68
198 16
185 47
193 15
151 104
178 25
6 30
78 8
74 2
32 147
13 122
50 94
18 177
14 95
3 130
123 67
37 125
12 113
67 113
86 106
184 128
197 128
91 2
87 65
79 60
175 168
90 151
140 48
161 184
154 67
3 131
71 67
137 110
183 156
12 86
69 57
114 101
154 26
52 173
52 165
172 55
182 178
86 111
14 44
61 96
176 79
34 195
40 63
134 99
62 60
67 192
141 59
4 86
3 10
123 112
25 20
170 69
125 152
196 134
89 171
103 81
32 2
150 67
162 115
133 94
125 129
75 174
84 80
106 111
1 160
75 179
115 34
83 4
26 72
192 146
131 120
161 138
139 37
186 141
63 56
179 184
133 116
167 72
62 167
111 136
68 140
5 106
197 54
36 110
131 194
95 33
14 109
54 148
49 29
193 4
86 62
177 14
195 75
157 66
149 72
150 59
1 113
63 24
143 13
128 82
163 122
10 45
94 6
165 23
11 154
37 173
185 114
0 168
117 181
104 179
105 154
131 41
47 10
24 186
16 192
180 161
89 6
177 28
3 2
96 142
90 43
120 58
198 83
185 94
48 47
61 86
99 72
96 81
58 48
180 69
176 68
114 119
113 148
197 151
159 127
106 18
27 157
117 172
6 92
118 88
52 167
103 67
191 38
62 34
199 179
1 178
20 103
185 82
41 159
171 36
78 175
101 143
151 82
76 83
121 131
82 21
141 155
12 30
47 30
27 39
98 119
190 88
106 153
24 120
108 110
61 25
36 128
18 136
41 124
69 45
198 191
38 44
123 79
97 128
84 155
59 117
149 91
199 39
32 159
30 27
6 129
79 184
48 40
80 71
99 161
60 15
65 179
116 48
13 143
67 80
171 71
174 41
5 26
139 183
183 147
43 1
163 158
68 179
150 100
0 160
50 192
198 101
1 128
17 70
16 189
166 95
134 72
140 27
102 176
125 181
32 51
37 124
168 11
89 32
156 105
89 177
140 144
140 66
118 19
6 139
79 70
199 168
87 183
153 105
172 151
102 185
169 97
48 87
158 199
127 30
49 168
91 179
92 195
27 177
1 156
91 133
127 32
35 42
47 77
63 9
141 2
95 64
30 168
33 151
152 129
113 53
27 103
63 72
106 179
165 181
145 143
196 32
125 132
25 38
164 71
108 115
183 123
180 1
162 72
147 113
81 131
145 158
96 1
129 52
26 152
77 176
12 133
112 173
131 50
189 56
69 46
166 31
177 117
17 102
10 20
43 67
134 144
146 47
16 20
14 138
165 48
103 23
182 125
19 28
1 181
28 162
76 127
145 107
62 24
95 97
128 154
167 7
194 177
186 47
131 86
19 186
132 139
193 23
83 108
139 117
43 108
113 117
80 132
57 198
185 186
23 115
83 130
65 178
181 80
163 24
79 167
16 148
80 176
48 25
10 32
19 46
10 23
169 56
186 121
22 19
183 10
146 56
103 156
16 36
165 178
107 143
162 189
