500 1000
25 104
36 163
266 147
267 168
54 254
64 37
273 237
368 185
393 124
148 180
21 11
83 374
212 227
360 477
195 449
371 132
89 323
28 302
499 121
100 14
309 172
33 96
246 487
235 173
114 76
367 144
71 461
267 335
40 87
461 439
429 297
262 173
142 407
301 495
336 39
227 123
30 276
50 72
162 183
153 158
3 320
219 467
456 466
360 440
23 129
342 310
362 212
141 243
385 114
358 218
392 266
101 331
456 471
495 251
394 162
440 421
304 117
421 120
341 199
160 46
496 322
83 60
467 488
192 23
249 223
250 483
66 430
421 94
229 168
298 116
85 247
293 393
93 115
151 104
378 225
206 130
378 408
74 102
32 47
413 222
350 394
118 77
414 195
3 130
423 67
137 325
112 113
67 13
186 6
184 228
97 28
491 402
87 265
279 160
75 468
90 51
340 48
361 184
354 267
403 31
71 267
337 310
83 156
312 286
169 357
214 401
154 126
252 273
452 265
72 355
482 478
186 211
214 144
161 196
376 79
34 295
240 463
234 399
262 160
367 92
141 359
104 386
403 410
423 12
125 220
270 369
425 452
496 134
389 171
3 381
232 202
50 167
462 415
33 94
25 129
475 374
284 480
6 211
401 360
175 79
215 334
383 304
426 172
192 46
331 20
361 438
139 37
186 41
63 56
279 484
133 16
367 472
262 267
111 36
68 340
105 406
97 154
236 410
331 294
395 133
14 9
354 448
449 129
293 404
286 362
477 14
295 75
157 166
349 172
50 159
1 113
63 124
143 313
228 482
163 22
10 45
494 106
165 123
211 254
337 473
385 314
300 368
417 81
4 379
5 254
31 141
247 410
224 86
416 492
280 261
489 406
477 428
103 402
96 342
490 343
220 358
98 83
385 394
348 147
161 186
199 372
396 81
490 290
358 148
80 269
76 268
114 319
13 248
497 451
159 427
206 418
27 457
217 372
206 492
218 288
152 167
203 67
91 38
362 434
499 279
1 178
220 403
285 282
371 436
178 275
301 343
151 282
276 283
221 131
282 221
41 55
12 430
47 330
427 139
498 19
290 388
206 253
124 320
308 110
161 225
136 228
18 136
141 124
469 45
98 291
338 444
423 279
97 128
284 155
359 417
249 391
299 239
432 259
230 27
206 129
379 384
248 440
80 71
199 61
360 415
65 79
116 448
13 243
67 480
171 71
474 441
305 26
239 83
383 147
343 1
163 358
168 79
350 0
300 460
450 492
198 201
201 128
417 470
316 389
366 195
234 372
240 127
102 376
25 81
332 251
37 224
368 11
189 332
356 105
389 377
140 144
440 166
118 419
206 139
79 170
337 437
499 468
187 283
353 105
172 251
2 285
469 197
248 287
58 199
27 230
249 268
391 79
392 195
27 477
101 456
491 133
427 32
335 242
347 177
463 209
341 102
95 464
130 168
133 151
252 129
113 153
27 103
363 272
306 379
465 181
145 443
496 432
125 32
25 138
164 271
408 315
483 323
180 201
462 72
147 313
281 131
45 458
396 201
129 252
326 252
477 376
112 233
12 173
331 50
489 356
369 446
466 131
477 217
317 2
10 20
343 367
434 144
446 147
216 420
314 438
65 448
303 423
182 325
219 128
301 481
228 362
76 427
45 307
462 124
395 97
28 254
167 207
294 177
186 347
31 86
219 86
32 39
393 23
483 8
139 417
43 408
413 217
80 332
357 98
485 486
223 415
283 330
265 278
281 80
263 424
479 67
116 348
380 76
48 25
210 432
119 346
110 23
469 356
286 321
322 119
383 310
246 256
403 56
216 336
65 478
407 43
462 489
488 40
55 354
303 481
22 79
388 103
275 399
106 299
414 371
436 404
312 415
324 264
460 295
459 413
412 380
157 337
23 377
188 485
367 25
67 252
493 415
482 214
450 400
322 344
455 203
160 369
286 100
194 223
477 262
486 155
275 147
276 307
48 301
420 82
175 450
397 243
196 229
192 164
237 144
390 492
167 325
43 11
107 421
490 342
374 436
437 366
309 197
437 466
112 360
268 100
321 408
41 407
78 360
435 87
429 499
495 464
67 353
429 357
28 393
53 114
51 293
221 6
394 274
363 33
440 230
63 5
57 172
440 264
411 451
38 491
176 328
13 121
452 33
464 45
269 185
154 106
458 181
91 394
142 367
373 317
88 442
381 220
339 298
42 46
114 470
338 71
395 45
90 382
413 356
98 405
36 379
90 20
147 344
390 426
36 323
54 390
88 264
391 347
29 465
111 364
199 293
180 213
421 31
468 347
297 247
306 95
29 499
383 482
431 301
419 223
375 429
121 96
415 63
182 189
444 147
59 75
186 370
360 263
195 393
100 57
333 130
312 353
88 180
79 229
475 392
472 396
400 234
114 14
71 291
216 10
455 447
468 131
293 156
108 89
171 278
247 131
344 281
324 443
81 301
57 488
108 375
446 233
284 76
374 87
268 426
44 272
50 481
358 340
41 67
471 267
259 285
285 141
238 96
218 400
36 450
65 208
318 378
250 300
464 435
420 7
484 222
424 201
48 481
492 483
70 330
223 56
149 84
265 428
346 175
157 82
105 392
191 62
450 320
283 54
191 257
281 186
44 332
37 405
264 129
27 115
214 413
419 260
474 429
404 219
352 306
304 25
387 479
123 446
21 7
492 81
391 83
412 117
177 482
359 126
1 217
296 199
179 214
410 193
201 254
336 257
28 136
248 137
467 226
144 142
145 74
42 50
238 41
304 116
215 185
272 414
399 277
275 439
270 336
419 86
450 118
119 390
477 466
471 24
290 328
6 261
29 85
75 450
21 338
274 26
202 425
437 210
227 442
368 396
43 323
159 110
203 351
471 345
178 10
492 326
38 375
83 278
319 460
104 469
58 355
376 66
340 293
196 86
76 418
358 484
90 472
221 150
79 430
214 244
355 352
438 27
147 230
270 381
469 322
230 469
446 203
269 157
251 314
484 184
297 141
486 346
427 288
132 271
169 219
340 106
45 211
434 311
6 413
107 282
192 457
195 55
124 45
41 281
100 271
430 324
417 317
22 489
249 493
132 477
118 264
80 121
253 149
395 189
408 282
135 478
216 83
432 244
75 300
66 395
205 486
183 240
280 207
451 45
390 422
285 487
259 280
345 267
293 152
262 94
191 266
35 187
115 486
24 52
137 188
293 96
324 213
109 321
29 288
341 333
453 111
206 197
262 264
121 308
294 310
423 68
439 409
256 20
191 299
122 374
341 273
305 389
207 435
86 443
265 152
5 97
455 37
355 58
331 369
125 150
238 267
13 2
102 14
278 46
337 385
74 218
90 63
27 340
40 338
180 478
44 249
104 30
282 131
175 20
407 414
466 159
23 31
136 138
475 140
93 151
378 230
334 415
397 389
344 410
243 241
119 354
401 39
127 456
250 148
286 184
11 334
142 107
451 170
278 289
495 68
493 282
87 456
164 154
447 396
253 167
46 334
236 141
357 413
332 233
488 440
224 98
115 171
357 208
422 51
27 44
239 28
117 0
395 88
372 149
432 452
272 115
336 126
41 466
499 269
401 473
32 94
195 422
26 160
222 236
103 61
54 436
95 224
472 315
179 202
266 265
23 413
170 215
123 439
0 385
340 462
3 124
106 95
243 398
465 44
181 58
297 96
320 80
298 183
93 361
373 164
239 401
338 267
448 243
177 474
211 246
215 450
285 108
441 222
129 177
56 499
194 95
211 74
475 305
235 313
220 258
318 166
426 7
414 64
320 23
468 448
209 407
259 74
107 380
374 76
479 144
322 188
110 56
84 186
311 435
378 402
10 413
444 116
355 411
47 483
342 243
305 234
370 478
42 349
362 358
457 469
209 67
408 147
468 320
317 93
424 231
34 411
289 172
214 25
167 96
131 21
409 140
155 289
477 255
27 6
30 38
271 463
473 164
213 191
127 308
483 56
416 328
165 431
425 415
413 184
120 135
122 244
184 347
242 170
269 167
342 333
474 356
121 137
218 237
426 190
352 390
325 444
193 442
435 30
30 180
265 389
166 366
211 285
185 276
417 264
471 448
191 98
89 154
444 0
489 490
401 158
467 0
397 422
315 327
75 496
317 496
200 172
438 237
252 110
390 19
357 160
71 197
53 256
59 107
176 241
154 294
104 184
136 142
389 262
127 397
329 54
186 288
426 137
384 382
37 383
165 245
119 275
420 271
395 345
199 127
440 326
308 481
273 367
5 179
462 201
425 367
93 434
405 432
13 498
249 438
265 56
49 431
43 85
445 374
255 400
443 206
134 406
233 357
378 12
380 284
380 154
59 383
228 486
471 92
36 238
236 454
359 111
298 182
172 277
269 403
361 170
120 35
48 470
130 387
455 92
162 311
428 130
152 217
152 384
274 47
12 130
70 117
0 56
119 287
167 26
330 401
72 381
63 250
382 335
422 197
338 173
494 258
64 151
356 133
451 452
158 19
407 354
236 126
445 80
86 212
146 179
25 235
239 77
45 389
393 326
369 398
349 379
