500 2000
25 104
36 163
266 147
267 168
54 254
64 37
273 237
368 185
393 124
148 180
21 11
83 374
212 227
360 477
195 449
371 132
89 323
28 302
499 121
100 14
309 172
33 96
246 487
235 173
114 76
367 144
71 461
267 335
40 87
461 439
429 297
262 173
142 407
301 495
336 39
227 123
30 276
50 72
162 183
153 158
3 320
219 467
456 466
360 440
23 129
342 310
362 212
141 243
385 114
358 218
392 266
101 331
456 471
495 251
394 162
440 421
304 117
421 120
341 199
160 46
496 322
83 60
467 488
192 23
249 223
250 483
66 430
421 94
229 168
298 116
85 247
293 393
93 115
151 104
378 225
206 130
378 408
74 102
32 47
413 222
350 394
118 77
414 195
3 130
423 67
137 325
112 113
67 13
186 6
184 228
97 28
491 402
87 265
279 160
75 468
90 51
340 48
361 184
354 267
403 31
71 267
337 310
83 156
312 286
169 357
214 401
154 126
252 273
452 265
72 355
482 478
186 211
214 144
161 196
376 79
34 295
240 463
234 399
262 160
367 92
141 359
104 386
403 410
423 12
125 220
270 369
425 452
496 134
389 171
3 381
232 202
50 167
462 415
33 94
25 129
475 374
284 480
6 211
401 360
175 79
215 334
383 304
426 172
192 46
331 20
361 438
139 37
186 41
63 56
279 484
133 16
367 472
262 267
111 36
68 340
105 406
97 154
236 410
331 294
395 133
14 9
354 448
449 129
293 404
286 362
477 14
295 75
157 166
349 172
50 159
1 113
63 124
143 313
228 482
163 22
10 45
494 106
165 123
211 254
337 473
385 314
300 368
417 81
4 379
5 254
31 141
247 410
224 86
416 492
280 261
489 406
477 428
103 402
96 342
490 343
220 358
98 83
385 394
348 147
161 186
199 372
396 81
490 290
358 148
80 269
76 268
114 319
13 248
497 451
159 427
206 418
27 457
217 372
206 492
218 288
152 167
203 67
91 38
362 434
499 279
1 178
220 403
285 282
371 436
178 275
301 343
151 282
276 283
221 131
282 221
41 55
12 430
47 330
427 139
498 19
290 388
206 253
124 320
308 110
161 225
136 228
18 136
141 124
469 45
98 291
338 444
423 279
97 128
284 155
359 417
249 391
299 239
432 259
230 27
206 129
379 384
248 440
80 71
199 61
360 415
65 79
116 448
13 243
67 480
171 71
474 441
305 26
239 83
383 147
343 1
163 358
168 79
350 0
300 460
450 492
198 201
201 128
417 470
316 389
366 195
234 372
240 127
102 376
25 81
332 251
37 224
368 11
189 332
356 105
389 377
140 144
440 166
118 419
206 139
79 170
337 437
499 468
187 283
353 105
172 251
2 285
469 197
248 287
58 199
27 230
249 268
391 79
392 195
27 477
101 456
491 133
427 32
335 242
347 177
463 209
341 102
95 464
130 168
133 151
252 129
113 153
27 103
363 272
306 379
465 181
145 443
496 432
125 32
25 138
164 271
408 315
483 323
180 201
462 72
147 313
281 131
45 458
396 201
129 252
326 252
477 376
112 233
12 173
331 50
489 356
369 446
466 131
477 217
317 2
10 20
343 367
434 144
446 147
216 420
314 438
65 448
303 423
182 325
219 128
301 481
228 362
76 427
45 307
462 124
395 97
28 254
167 207
294 177
186 347
31 86
219 86
32 39
393 23
483 8
139 417
43 408
413 217
80 332
357 98
485 486
223 415
283 330
265 278
281 80
263 424
479 67
116 348
380 76
48 25
210 432
119 346
110 23
469 356
286 321
322 119
383 310
246 256
403 56
216 336
65 478
407 43
462 489
488 40
55 354
303 481
22 79
388 103
275 399
106 299
414 371
436 404
312 415
324 264
460 295
459 413
412 380
157 337
23 377
188 485
367 25
67 252
493 415
482 214
450 400
322 344
455 203
160 369
286 100
194 223
477 262
486 155
275 147
276 307
48 301
420 82
175 450
397 243
196 229
192 164
237 144
390 492
167 325
43 11
107 421
490 342
374 436
437 366
309 197
437 466
112 360
268 100
321 408
41 407
78 360
435 87
429 499
495 464
67 353
429 357
28 393
53 114
51 293
221 6
394 274
363 33
440 230
63 5
57 172
440 264
411 451
38 491
176 328
13 121
452 33
464 45
269 185
154 106
458 181
91 394
142 367
373 317
88 442
381 220
339 298
42 46
114 470
338 71
395 45
90 382
413 356
98 405
36 379
90 20
147 344
390 426
36 323
54 390
88 264
391 347
29 465
111 364
199 293
180 213
421 31
468 347
297 247
306 95
29 499
383 482
431 301
419 223
375 429
121 96
415 63
182 189
444 147
59 75
186 370
360 263
195 393
100 57
333 130
312 353
88 180
79 229
475 392
472 396
400 234
114 14
71 291
216 10
455 447
468 131
293 156
108 89
171 278
247 131
344 281
324 443
81 301
57 488
108 375
446 233
284 76
374 87
268 426
44 272
50 481
358 340
41 67
471 267
259 285
285 141
238 96
218 400
36 450
65 208
318 378
250 300
464 435
420 7
484 222
424 201
48 481
492 483
70 330
223 56
149 84
265 428
346 175
157 82
105 392
191 62
450 320
283 54
191 257
281 186
44 332
37 405
264 129
27 115
214 413
419 260
474 429
404 219
352 306
304 25
387 479
123 446
21 7
492 81
391 83
412 117
177 482
359 126
1 217
296 199
179 214
410 193
201 254
336 257
28 136
248 137
467 226
144 142
145 74
42 50
238 41
304 116
215 185
272 414
399 277
275 439
270 336
419 86
450 118
119 390
477 466
471 24
290 328
6 261
29 85
75 450
21 338
274 26
202 425
437 210
227 442
368 396
43 323
159 110
203 351
471 345
178 10
492 326
38 375
83 278
319 460
104 469
58 355
376 66
340 293
196 86
76 418
358 484
90 472
221 150
79 430
214 244
355 352
438 27
147 230
270 381
469 322
230 469
446 203
269 157
251 314
484 184
297 141
486 346
427 288
132 271
169 219
340 106
45 211
434 311
6 413
107 282
192 457
195 55
124 45
41 281
100 271
430 324
417 317
22 489
249 493
132 477
118 264
80 121
253 149
395 189
408 282
135 478
216 83
432 244
75 300
66 395
205 486
183 240
280 207
451 45
390 422
285 487
259 280
345 267
293 152
262 94
191 266
35 187
115 486
24 52
137 188
293 96
324 213
109 321
29 288
341 333
453 111
206 197
262 264
121 308
294 310
423 68
439 409
256 20
191 299
122 374
341 273
305 389
207 435
86 443
265 152
5 97
455 37
355 58
331 369
125 150
238 267
13 2
102 14
278 46
337 385
74 218
90 63
27 340
40 338
180 478
44 249
104 30
282 131
175 20
407 414
466 159
23 31
136 138
475 140
93 151
378 230
334 415
397 389
344 410
243 241
119 354
401 39
127 456
250 148
286 184
11 334
142 107
451 170
278 289
495 68
493 282
87 456
164 154
447 396
253 167
46 334
236 141
357 413
332 233
488 440
224 98
115 171
357 208
422 51
27 44
239 28
117 0
395 88
372 149
432 452
272 115
336 126
41 466
499 269
401 473
32 94
195 422
26 160
222 236
103 61
54 436
95 224
472 315
179 202
266 265
23 413
170 215
123 439
0 385
340 462
3 124
106 95
243 398
465 44
181 58
297 96
320 80
298 183
93 361
373 164
239 401
338 267
448 243
177 474
211 246
215 450
285 108
441 222
129 177
56 499
194 95
211 74
475 305
235 313
220 258
318 166
426 7
414 64
320 23
468 448
209 407
259 74
107 380
374 76
479 144
322 188
110 56
84 186
311 435
378 402
10 413
444 116
355 411
47 483
342 243
305 234
370 478
42 349
362 358
457 469
209 67
408 147
468 320
317 93
424 231
34 411
289 172
214 25
167 96
131 21
409 140
155 289
477 255
27 6
30 38
271 463
473 164
213 191
127 308
483 56
416 328
165 431
425 415
413 184
120 135
122 244
184 347
242 170
269 167
342 333
474 356
121 137
218 237
426 190
352 390
325 444
193 442
435 30
30 180
265 389
166 366
211 285
185 276
417 264
471 448
191 98
89 154
444 0
489 490
401 158
467 0
397 422
315 327
75 496
317 496
200 172
438 237
252 110
390 19
357 160
71 197
53 256
59 107
176 241
154 294
104 184
136 142
389 262
127 397
329 54
186 288
426 137
384 382
37 383
165 245
119 275
420 271
395 345
199 127
440 326
308 481
273 367
5 179
462 201
425 367
93 434
405 432
13 498
249 438
265 56
49 431
43 85
445 374
255 400
443 206
134 406
233 357
378 12
380 284
380 154
59 383
228 486
471 92
36 238
236 454
359 111
298 182
172 277
269 403
361 170
120 35
48 470
130 387
455 92
162 311
428 130
152 217
152 384
274 47
12 130
70 117
0 56
119 287
167 26
330 401
72 381
63 250
382 335
422 197
338 173
494 258
64 151
356 133
451 452
158 19
407 354
236 126
445 80
86 212
146 179
25 235
239 77
45 389
393 326
369 398
349 379
264 259
360 108
353 350
463 341
4 421
460 388
207 417
165 147
263 303
201 397
184 106
333 240
5 411
164 47
163 296
264 440
472 157
234 356
130 314
438 175
336 472
160 191
65 486
233 128
137 200
220 277
305 447
268 418
341 226
14 94
460 341
359 319
310 88
78 470
129 155
307 427
344 358
405 398
441 291
343 197
315 425
131 213
133 352
225 191
290 206
346 439
326 146
169 405
138 395
444 59
280 166
326 111
482 293
80 465
396 130
354 248
271 395
404 267
137 472
373 240
371 62
464 406
479 456
315 487
221 217
149 435
213 325
477 56
457 82
343 439
266 335
18 303
101 305
117 413
436 454
316 93
385 291
436 29
252 131
242 45
118 105
352 370
429 121
466 113
490 458
326 65
233 298
386 254
251 3
343 337
83 78
281 497
242 322
162 156
431 366
236 447
23 459
267 20
27 499
241 81
50 352
65 163
65 358
265 305
60 107
129 466
390 156
314 125
82 436
91 341
148 330
490 341
391 9
81 85
338 15
65 350
79 457
25 179
222 232
137 416
232 73
3 497
64 66
466 80
203 354
10 331
474 437
206 375
31 221
52 424
115 268
11 67
153 477
178 464
220 442
182 38
473 478
104 160
86 45
454 470
210 236
434 330
40 371
244 495
92 63
163 310
1 301
314 447
442 416
383 152
339 286
61 436
125 140
14 410
204 189
444 345
489 432
78 236
90 141
38 15
97 62
390 99
5 0
43 257
79 202
69 447
472 280
223 279
397 0
96 451
44 392
107 271
321 2
76 277
3 133
33 313
124 444
347 3
131 484
343 435
110 169
106 489
75 375
421 440
152 393
186 364
429 467
103 275
403 88
341 195
420 96
67 125
445 98
259 334
302 493
198 180
138 347
236 244
130 338
255 319
482 224
73 250
160 282
375 328
496 278
13 224
239 6
495 348
360 134
336 350
28 101
401 483
44 435
413 322
72 54
257 155
75 315
47 36
68 393
364 385
164 85
322 255
132 491
172 202
415 167
303 39
196 246
170 345
32 370
205 177
459 271
258 228
419 254
120 166
255 24
270 41
481 375
338 276
399 346
315 29
99 252
311 103
329 448
491 296
40 432
430 176
41 110
156 242
392 376
462 108
497 307
392 233
1 477
486 457
197 325
232 412
84 325
318 342
220 269
179 3
102 405
25 39
182 5
362 113
462 424
440 386
303 264
300 400
318 155
177 395
272 234
237 351
216 413
33 333
226 165
448 16
234 400
282 56
182 87
49 240
247 345
375 379
321 72
268 427
406 414
126 56
195 240
123 408
104 197
113 359
345 301
24 323
153 210
498 167
191 190
311 235
89 416
139 71
196 55
478 58
240 208
210 478
465 193
150 426
416 333
237 422
48 296
450 127
309 271
358 342
315 114
102 72
14 68
254 5
18 220
356 456
463 15
321 68
312 307
296 109
158 205
497 86
2 261
175 136
330 59
154 341
167 407
437 85
411 105
13 76
35 0
226 197
168 330
40 384
34 259
376 29
209 239
295 181
3 297
200 108
435 60
412 176
103 391
109 83
324 333
101 1
66 79
256 325
193 310
455 382
154 356
453 12
482 11
122 286
211 162
485 255
314 54
386 277
374 235
6 153
303 356
474 209
485 94
211 258
417 395
327 217
467 244
196 429
304 392
86 57
208 458
401 419
393 221
13 75
289 219
215 99
234 64
60 475
138 286
131 495
363 209
342 491
365 477
256 245
169 441
175 82
158 231
324 7
11 14
263 258
218 51
393 106
269 202
436 458
222 95
449 97
95 40
478 156
455 150
434 492
220 228
368 452
181 219
373 485
355 158
51 335
366 155
89 249
265 447
456 318
376 469
137 384
241 10
272 459
226 427
132 357
153 382
170 186
463 89
13 141
25 17
375 26
405 470
297 338
126 195
49 62
407 239
297 133
162 105
78 22
306 436
7 307
475 372
236 459
6 437
159 288
101 396
268 410
131 138
299 450
239 152
401 74
39 179
12 222
69 493
462 96
210 294
236 240
198 415
233 308
223 162
256 175
141 348
427 464
92 389
44 362
48 88
494 183
0 247
452 103
339 166
242 361
462 205
136 107
383 368
33 398
344 303
270 428
47 235
265 391
447 479
87 347
116 207
435 468
211 89
434 131
423 375
289 284
88 158
42 440
130 257
52 345
252 289
433 470
310 327
390 197
98 183
484 494
178 386
18 325
302 484
4 128
10 258
164 6
481 334
336 441
337 421
247 233
392 101
421 473
426 463
168 388
166 407
217 468
468 24
329 46
295 266
462 253
364 282
86 298
222 100
255 466
255 398
473 157
125 43
459 115
466 371
27 363
292 112
125 247
481 279
287 246
269 286
119 393
473 448
226 29
90 411
408 250
64 219
426 192
341 407
479 42
228 453
383 146
216 200
227 400
294 139
211 324
330 205
140 37
419 367
356 25
12 206
180 463
214 494
461 340
249 227
430 129
379 208
352 467
47 178
223 208
43 452
35 337
431 376
144 15
273 5
335 39
350 193
178 80
238 243
443 111
89 250
226 3
35 448
376 490
361 260
146 40
449 339
22 154
3 476
196 414
428 46
135 479
292 163
428 476
160 132
428 215
149 399
333 300
328 384
134 412
301 180
234 189
335 480
327 14
11 327
382 123
437 369
10 30
54 206
87 43
271 137
272 330
270 289
457 153
453 209
81 386
370 188
424 233
316 45
497 37
15 460
355 266
360 469
348 251
282 448
68 445
266 358
307 375
117 114
345 264
238 274
314 369
263 350
70 63
188 312
400 26
19 257
87 190
341 103
34 425
415 380
168 325
403 119
191 141
153 185
65 385
464 297
162 241
133 51
0 315
411 140
285 65
279 9
337 472
292 117
87 206
469 248
305 409
2 226
404 368
66 431
429 83
422 206
31 188
432 162
116 172
404 40
313 323
499 436
182 226
106 234
261 71
385 307
487 59
402 482
353 60
243 249
181 418
457 75
291 213
253 470
84 231
412 171
468 246
454 361
420 202
204 51
448 328
346 342
239 88
265 462
281 44
126 273
104 170
24 0
480 182
337 27
253 207
359 307
46 475
293 46
109 401
11 498
116 354
164 495
10 257
460 190
431 78
125 78
454 213
101 399
16 383
422 478
456 67
122 21
86 458
68 492
204 229
29 435
61 74
49 134
416 337
222 336
106 44
339 285
396 76
373 298
152 160
247 65
201 313
54 3
426 459
34 85
357 59
90 459
46 438
9 53
301 345
431 352
70 153
227 229
264 462
481 45
230 324
90 444
474 106
462 387
278 184
495 209
376 253
267 177
154 454
173 172
101 132
157 255
15 351
491 166
251 100
217 297
495 475
319 492
133 379
397 458
300 97
94 107
12 122
470 327
5 328
156 119
90 92
288 68
431 459
47 189
128 48
358 475
229 223
132 465
415 413
57 115
48 93
428 5
177 456
115 438
227 428
115 296
430 343
478 382
322 66
407 351
77 197
264 161
63 78
399 59
399 190
342 115
116 137
446 118
442 429
281 351
368 280
446 445
81 192
498 428
342 365
145 161
84 48
96 98
335 11
55 83
346 182
487 499
478 166
132 175
297 353
483 325
25 209
384 241
322 162
223 417
337 35
269 306
200 5
50 264
299 476
451 184
156 10
23 239
358 483
287 199
229 432
53 219
413 236
27 196
217 332
321 374
378 300
1 118
369 476
58 195
46 92
233 50
147 454
184 124
99 116
367 173
346 479
53 44
315 276
166 442
288 56
379 39
411 163
327 210
229 242
247 287
119 236
16 7
14 367
54 75
445 440
485 419
384 5
219 434
316 84
8 437
281 435
390 103
188 228
128 445
387 102
413 287
105 367
400 133
58 163
473 462
464 314
283 156
427 335
263 345
158 48
126 142
34 392
91 418
408 370
292 325
307 19
447 33
250 138
179 178
275 129
162 28
247 48
404 26
444 351
17 417
125 302
316 279
154 146
309 499
473 247
252 66
321 383
63 82
119 262
485 476
353 406
276 275
468 271
16 73
165 284
22 176
20 55
276 247
267 413
112 201
433 451
215 45
295 6
133 29
96 445
300 78
168 461
3 340
197 2
115 389
339 255
274 336
170 172
109 117
52 70
318 24
490 164
208 394
49 177
325 210
239 270
126 495
69 249
486 446
202 79
103 46
21 405
309 352
107 40
367 476
98 77
421 479
227 3
144 315
104 193
53 55
292 9
252 30
57 183
388 186
192 294
149 489
197 321
447 268
344 31
401 385
298 338
417 246
122 112
60 214
226 478
65 406
64 144
298 415
43 324
305 357
391 450
37 423
256 9
294 302
402 426
135 191
409 43
425 142
89 108
144 299
47 38
297 202
123 22
92 235
243 232
397 310
114 457
495 469
241 460
260 174
308 141
425 488
425 267
327 302
483 442
93 16
162 193
224 407
361 88
308 268
487 228
443 161
166 119
127 283
206 494
55 455
224 215
197 130
79 325
462 18
45 170
323 415
288 198
448 442
137 152
106 163
245 480
