1000 4000
0 1
1 2
2 3
3 0
25 604
36 663
266 647
267 668
554 254
64 537
273 737
868 185
893 124
148 180
521 511
583 874
712 727
860 477
195 449
871 632
589 823
28 802
499 121
600 514
309 172
533 96
746 487
735 673
114 576
867 144
71 461
767 335
540 587
961 439
429 797
262 173
642 907
301 995
336 539
227 623
30 776
550 572
662 683
653 658
503 820
219 967
956 966
360 940
523 629
342 810
362 712
641 243
385 614
858 218
892 766
101 331
456 971
995 251
894 162
940 921
304 117
921 120
341 199
160 46
496 822
583 560
467 488
692 23
749 723
250 983
66 930
421 594
229 668
798 616
585 247
293 893
593 615
151 104
378 225
206 630
878 408
74 602
32 547
413 722
850 894
618 577
414 695
3 130
923 67
637 325
612 113
67 513
686 506
184 728
597 528
491 402
87 265
279 660
575 968
90 551
340 48
361 184
354 267
403 531
71 267
337 310
583 156
812 286
669 857
714 901
154 626
252 773
452 765
572 855
982 978
686 711
214 644
661 696
376 79
34 795
240 463
734 899
262 660
867 592
141 859
604 886
403 410
923 512
625 220
770 869
925 952
996 134
889 171
503 881
232 202
550 667
962 915
533 94
525 129
475 374
284 480
506 711
401 360
675 579
715 834
883 804
426 672
192 546
331 520
361 938
139 37
186 541
63 56
779 984
133 516
367 472
262 767
111 536
68 340
605 906
597 654
236 910
331 794
895 633
14 509
854 948
449 629
793 404
286 862
977 14
795 75
157 666
349 672
550 659
1 113
63 624
143 813
728 482
163 522
10 45
494 606
165 623
211 754
837 973
385 314
800 368
917 581
504 379
505 754
531 641
247 410
224 586
416 992
780 761
489 406
977 428
603 402
96 342
490 843
720 858
598 83
385 894
848 647
661 686
699 872
896 81
490 290
858 648
580 269
576 268
114 319
513 748
997 951
159 927
706 418
27 957
717 372
206 492
718 288
652 167
703 67
591 38
862 434
999 779
1 178
220 903
785 282
641 359
371 436
678 775
301 343
151 282
276 283
721 131
282 221
541 555
12 430
47 830
427 639
498 519
790 888
706 753
624 320
308 110
661 225
636 728
18 136
641 124
469 45
598 791
838 444
923 279
97 128
284 155
859 917
749 891
799 239
432 759
230 27
206 129
879 384
248 440
80 71
699 561
860 415
65 579
116 448
13 743
67 480
171 71
974 441
805 26
739 583
383 147
843 1
163 358
668 579
350 500
800 960
450 992
198 701
201 128
417 470
816 389
366 695
734 872
740 627
102 376
525 581
832 251
37 724
368 11
689 832
356 105
889 377
140 144
940 666
118 419
206 139
79 670
837 437
999 968
687 783
353 105
172 751
502 785
969 697
248 287
558 199
527 230
249 768
891 579
892 195
27 977
601 956
491 133
927 32
835 242
847 677
463 209
341 602
95 464
630 168
633 151
752 129
113 653
27 103
863 272
306 379
965 181
145 943
996 432
125 532
25 638
164 271
908 315
983 323
180 201
962 72
147 313
281 131
545 958
896 201
129 252
826 752
477 376
612 733
512 173
331 50
989 856
869 446
966 631
977 717
817 502
10 20
843 867
934 144
946 647
216 420
814 938
565 448
303 423
182 325
219 628
801 981
228 362
76 927
545 307
462 624
895 97
528 754
167 207
794 177
186 847
531 86
219 586
532 539
393 23
483 508
139 917
43 908
913 717
80 332
857 598
985 986
223 915
283 330
265 778
781 80
763 424
479 567
616 348
880 576
48 25
210 432
619 846
610 23
969 856
786 321
822 619
383 810
746 256
903 556
216 836
565 978
907 543
962 989
488 540
55 854
803 481
22 79
888 603
775 399
606 799
414 871
936 904
312 915
324 764
960 795
959 413
412 880
157 837
523 377
688 985
867 25
567 752
493 415
982 214
950 900
322 344
455 703
160 369
786 600
694 723
477 262
986 655
775 647
776 807
48 301
920 582
675 450
397 743
696 229
692 164
237 644
390 992
667 825
43 11
607 421
990 342
374 436
937 866
309 197
394 894
937 966
112 360
768 100
821 908
541 907
78 860
935 587
429 999
995 464
567 353
429 357
528 893
553 114
51 293
221 506
894 774
863 33
940 730
63 505
57 172
440 264
911 951
38 491
176 828
513 121
452 533
464 545
269 685
654 606
958 181
591 894
642 867
873 817
588 442
881 720
839 798
542 46
614 970
338 71
395 545
90 882
913 356
98 905
36 379
590 20
647 344
890 926
536 323
54 390
88 764
891 347
29 965
611 364
199 293
680 213
921 531
968 347
797 247
306 95
29 499
883 482
931 301
419 223
875 429
121 596
415 63
182 189
444 647
59 575
186 370
360 263
695 393
600 57
833 130
812 353
588 680
79 229
975 392
972 396
400 234
114 514
571 291
716 510
955 447
468 631
293 656
108 589
671 778
247 131
344 281
824 943
581 301
57 988
608 875
946 233
284 76
374 87
768 426
544 772
550 981
858 340
541 67
471 767
759 285
285 641
238 596
718 900
36 950
65 708
818 378
750 800
464 435
920 7
484 222
924 201
548 981
492 483
570 330
223 556
149 584
265 428
346 175
657 82
605 892
191 562
950 320
283 554
191 757
281 186
44 832
537 405
764 129
27 615
214 913
919 760
974 429
904 219
852 806
804 25
387 479
123 446
521 7
492 581
391 583
912 617
677 982
359 626
1 217
296 699
679 714
410 693
701 254
336 757
528 636
248 137
467 226
644 142
645 574
542 50
738 41
804 616
715 685
272 914
899 777
775 439
770 836
919 86
950 118
119 390
477 966
471 24
290 828
6 761
29 585
75 950
21 838
274 526
702 925
437 210
227 942
368 396
543 323
659 610
203 851
971 845
678 510
492 326
38 375
83 778
319 460
604 969
558 355
876 566
340 793
696 86
576 418
858 984
90 972
221 650
79 430
714 744
855 352
938 527
647 230
270 381
969 322
230 969
446 703
769 157
251 814
484 184
797 141
986 846
927 288
632 271
669 719
840 106
45 211
934 811
6 413
607 782
192 957
195 55
124 545
541 781
600 771
430 824
417 817
522 989
749 493
632 977
618 264
580 621
253 149
895 689
408 782
135 478
216 583
432 744
575 800
66 395
205 486
683 740
280 207
451 45
890 422
785 487
259 280
345 767
793 652
262 594
691 266
535 687
115 986
524 52
637 688
793 596
824 213
109 821
29 788
341 833
453 111
206 197
262 764
121 808
294 310
923 68
439 409
256 520
191 799
622 874
341 273
805 389
707 435
86 943
765 652
5 597
455 537
355 558
331 869
625 150
238 267
13 502
602 14
778 546
837 385
574 218
590 563
527 340
40 338
180 478
544 749
604 530
282 131
175 20
407 914
966 659
23 531
636 138
475 640
593 651
378 230
834 915
897 389
344 410
743 741
119 354
401 539
127 956
250 148
286 184
11 834
142 607
451 170
778 289
495 568
993 282
587 456
664 154
447 396
253 167
546 334
236 641
857 913
332 233
488 940
224 98
115 671
357 708
922 51
527 44
739 528
117 0
895 88
872 649
932 452
272 115
336 126
41 966
499 269
401 973
532 94
695 922
526 660
222 736
603 61
54 936
95 724
472 815
179 702
266 765
523 913
670 715
123 439
500 885
840 962
503 624
106 595
743 898
965 44
181 58
797 96
820 580
298 183
593 861
373 164
739 401
838 767
448 743
677 974
211 246
215 950
285 108
941 722
629 177
56 999
194 95
711 74
975 805
235 313
220 258
318 666
426 7
414 64
820 23
968 948
709 907
259 74
607 380
374 576
979 644
822 188
110 56
84 186
311 435
878 402
10 913
444 616
855 411
47 483
342 243
805 234
370 978
42 349
862 358
957 969
709 67
408 647
468 320
317 593
424 231
534 411
789 672
714 25
167 96
131 21
909 140
655 789
477 755
527 506
530 38
271 463
473 164
713 191
127 808
983 556
416 828
665 931
925 415
413 684
620 635
122 744
184 847
742 670
269 167
842 333
974 356
621 637
218 237
426 690
352 890
325 944
693 942
435 30
530 180
265 389
666 366
711 785
685 276
917 764
471 948
691 598
589 154
944 0
989 990
401 158
467 500
897 922
315 827
575 496
817 496
200 172
938 737
752 610
890 19
857 660
571 697
553 756
59 607
676 741
154 294
104 184
136 142
889 262
627 397
329 54
686 288
926 137
884 382
37 883
165 245
619 275
920 271
895 345
199 127
940 326
808 481
773 367
505 679
962 201
925 367
593 934
905 432
13 498
749 438
265 56
49 431
43 585
945 374
755 400
943 706
134 906
233 857
378 512
880 784
880 654
59 883
228 986
971 92
36 238
736 954
359 611
798 682
672 277
769 403
861 670
620 35
548 470
130 887
955 592
162 311
928 130
152 717
652 884
274 547
12 630
70 117
500 56
619 787
167 526
330 401
572 881
63 750
882 835
922 697
838 173
994 758
564 151
356 633
451 952
658 519
907 354
236 626
445 580
586 212
146 679
525 735
739 77
45 889
893 326
869 398
349 879
264 759
360 108
353 350
463 341
504 921
960 888
207 917
665 647
763 803
701 897
184 606
833 240
505 911
164 47
163 796
764 940
972 157
234 356
630 314
438 175
336 472
660 691
65 486
233 128
137 200
720 777
805 947
268 918
341 726
14 94
460 341
859 319
310 88
78 970
629 655
807 927
844 858
905 398
441 791
343 697
815 925
131 213
633 852
225 191
290 206
846 939
326 646
169 405
138 895
944 559
280 666
326 111
482 293
580 965
896 630
354 248
771 895
404 767
637 972
373 240
871 62
464 906
479 956
315 487
721 717
649 435
713 825
477 56
457 82
843 439
766 835
18 803
101 305
117 913
436 954
816 93
385 791
436 29
752 131
242 45
618 605
352 870
429 621
966 113
990 958
326 65
233 298
886 254
751 3
843 837
83 578
281 497
242 822
162 656
931 866
736 447
523 959
767 520
527 499
241 581
50 852
65 663
65 858
765 305
560 607
129 466
390 156
814 125
582 436
591 841
648 330
490 841
891 509
81 585
338 15
65 350
579 457
525 679
722 732
637 916
732 73
3 497
564 566
966 80
203 854
510 331
474 437
706 875
531 221
552 424
615 268
11 67
153 977
178 964
220 442
182 538
473 478
104 160
586 45
954 970
710 236
934 330
540 871
244 995
592 63
663 310
1 801
814 947
942 916
383 152
839 286
561 936
625 140
14 910
204 189
944 345
989 432
578 736
590 641
38 15
597 562
390 99
505 0
43 757
79 202
569 947
972 280
223 279
897 500
596 451
544 892
607 771
821 2
576 777
503 133
533 313
124 444
347 3
131 984
343 435
110 669
606 489
75 375
421 440
652 393
686 864
429 967
103 775
903 588
341 695
420 96
67 625
445 598
759 334
802 993
698 180
638 347
736 744
130 838
255 819
982 224
73 250
160 282
375 828
496 278
513 224
739 6
995 848
360 634
336 350
28 601
901 483
544 435
413 322
572 54
757 155
75 315
547 536
68 893
864 385
164 85
322 255
632 491
672 702
415 167
803 39
196 746
170 845
32 870
705 177
459 271
258 228
419 254
120 666
755 24
270 41
981 875
838 276
399 346
315 529
599 252
811 603
329 948
491 296
40 932
930 176
41 110
156 242
892 376
462 608
497 307
892 733
1 477
486 957
197 825
232 912
584 325
318 842
720 769
679 3
102 405
525 39
182 505
362 613
462 424
940 386
303 764
800 400
318 155
177 895
272 734
237 851
716 913
533 833
226 165
948 516
734 400
282 56
182 587
49 240
247 845
875 379
821 72
268 427
906 414
626 556
195 240
123 408
604 197
613 859
845 301
524 823
153 710
498 167
691 690
811 735
89 916
139 71
696 55
978 558
240 208
710 478
465 193
650 426
416 333
737 922
48 296
950 127
309 271
358 342
315 614
602 72
14 568
754 505
18 220
856 956
963 515
321 68
312 307
796 609
158 705
497 86
502 761
175 136
330 59
654 841
667 407
937 585
411 105
13 76
535 0
226 197
168 830
540 384
34 259
376 529
709 239
295 681
503 797
700 108
435 560
912 176
103 391
109 583
324 333
101 1
566 579
756 325
193 310
955 382
654 356
453 512
482 511
622 286
711 162
485 255
314 554
886 777
374 235
506 653
803 856
974 709
485 94
711 758
417 895
827 217
467 744
196 429
804 892
86 57
708 958
901 919
893 221
513 575
289 219
715 99
234 564
560 475
638 786
131 495
863 709
342 991
865 477
756 745
669 441
675 582
158 231
324 7
11 14
263 758
718 551
893 606
769 202
436 958
222 95
449 597
95 40
978 656
455 150
934 492
720 228
868 452
181 719
873 485
855 158
551 335
866 655
589 749
265 947
956 318
876 969
137 884
241 10
272 959
726 427
132 357
153 382
170 686
963 89
13 141
525 517
875 26
405 970
297 338
126 695
49 562
407 739
297 133
662 605
78 22
306 436
507 807
393 124
975 372
236 959
6 437
159 788
601 896
268 910
131 638
299 450
739 152
401 74
539 679
512 722
69 493
462 596
210 794
736 740
198 915
233 308
723 162
756 675
141 348
927 464
592 889
544 862
48 588
994 683
500 747
452 103
839 166
242 861
962 705
636 607
383 368
33 898
844 303
270 928
547 735
265 391
947 479
87 347
616 707
935 968
711 589
934 631
923 875
289 284
88 158
42 940
630 257
552 345
752 789
933 470
310 327
890 197
98 183
984 994
678 886
518 325
802 984
504 628
10 758
664 506
481 834
836 941
337 921
747 233
892 101
421 973
926 963
668 888
166 407
717 968
468 24
329 546
295 766
462 753
864 782
586 298
722 600
755 966
255 898
473 657
125 43
959 615
966 871
527 863
792 612
125 247
981 779
287 746
769 786
619 893
973 448
226 529
90 911
408 250
564 219
426 192
841 907
479 542
728 453
883 646
716 700
227 900
794 639
711 824
330 705
140 537
419 867
856 25
12 206
180 963
714 494
461 340
749 727
930 129
379 208
852 967
47 178
723 708
43 952
535 337
931 876
144 15
273 505
835 539
350 693
678 80
238 243
443 611
589 750
726 503
35 448
876 990
861 260
146 40
949 839
522 154
503 476
196 914
928 46
635 479
792 163
928 476
160 132
928 715
149 399
333 800
328 384
634 412
301 180
734 189
835 980
327 14
511 827
382 623
937 869
510 30
554 206
587 543
771 637
772 330
270 289
457 153
453 209
81 386
870 188
924 733
816 45
497 37
15 460
855 766
360 969
348 251
282 448
68 945
266 858
807 375
117 114
345 264
238 774
314 869
763 850
70 63
688 812
900 526
19 757
87 190
341 603
534 425
415 880
668 325
903 619
191 641
153 685
565 885
464 797
662 741
133 551
500 815
911 640
785 65
779 509
337 972
792 617
587 706
469 248
805 909
502 226
404 368
566 931
929 583
922 706
531 688
932 662
616 672
404 40
813 323
499 436
682 726
606 734
261 71
885 307
487 59
902 482
353 560
743 249
181 918
957 75
291 713
753 470
84 731
412 671
968 746
954 361
420 702
704 551
448 328
346 342
739 88
765 962
281 44
626 773
604 670
524 500
980 682
837 27
253 207
859 807
46 475
793 546
109 401
11 998
616 854
164 495
10 257
460 190
431 578
625 578
454 713
101 399
16 383
922 478
456 567
122 521
586 958
568 992
704 729
29 435
61 74
49 634
916 337
222 836
606 44
839 785
896 76
873 298
152 160
747 65
701 813
54 503
426 959
34 85
857 59
590 959
546 938
509 553
301 845
931 852
70 653
227 229
764 962
981 545
730 824
590 944
974 106
962 887
778 184
495 209
376 753
767 677
154 954
173 172
601 132
657 255
515 851
491 166
751 100
217 297
495 975
319 992
633 379
897 458
300 97
94 107
12 122
470 827
5 828
156 119
90 592
288 568
431 459
547 189
128 48
858 975
729 723
632 965
915 413
57 615
48 93
928 505
677 956
115 438
727 428
115 296
930 843
478 382
822 66
407 851
577 697
264 661
63 578
899 59
899 190
342 615
116 137
446 618
442 429
781 351
368 280
446 945
81 692
998 928
342 865
145 161
584 548
96 98
335 511
55 83
846 682
487 499
478 166
632 675
797 353
983 825
25 209
384 741
322 162
723 417
837 35
269 306
200 505
550 764
799 476
451 184
656 10
23 239
858 483
787 699
729 932
553 219
413 736
27 196
717 332
321 874
378 800
501 618
869 976
58 695
546 92
733 550
647 454
184 124
99 616
867 673
346 979
553 44
815 276
166 442
788 56
879 539
411 163
827 710
229 242
247 787
619 736
516 7
514 367
54 75
445 940
485 919
384 505
219 934
816 84
508 437
281 435
890 603
188 228
628 445
887 102
413 287
105 367
900 633
558 163
973 962
964 314
283 156
427 835
263 845
658 548
126 642
34 892
91 918
908 870
292 825
807 19
947 33
750 638
679 178
775 129
662 28
747 548
904 526
944 351
17 417
625 302
316 779
154 146
309 499
473 747
752 566
321 883
563 82
119 262
985 976
853 906
776 775
968 271
16 73
165 284
22 676
520 555
276 747
267 413
612 701
433 951
715 545
295 6
133 29
596 945
300 78
668 461
503 340
697 2
615 389
839 755
774 836
170 172
609 617
52 70
318 24
990 664
708 894
549 677
825 210
739 270
626 495
69 249
986 446
202 79
103 46
521 405
309 852
607 40
367 476
98 577
921 979
227 503
144 315
604 693
53 555
292 9
752 530
57 683
388 686
192 294
649 489
197 321
447 768
344 531
901 385
798 338
417 746
622 112
560 714
226 478
565 906
64 144
298 915
543 824
805 857
891 950
37 923
256 9
794 802
902 926
135 191
409 43
425 642
89 108
644 299
47 38
297 702
623 22
92 735
743 732
397 810
614 957
495 969
241 960
760 174
308 641
925 988
425 767
827 802
483 442
93 516
162 193
224 407
861 588
808 768
487 728
443 661
166 619
627 783
206 494
55 455
724 215
697 630
579 825
962 518
545 670
823 415
288 698
448 942
137 152
606 663
745 480
184 294
513 40
781 637
168 901
289 510
590 660
713 236
912 865
887 596
405 521
172 692
299 436
676 343
725 378
212 38
59 378
20 586
991 101
163 17
897 838
77 502
155 612
184 388
557 465
892 871
290 98
154 406
702 579
679 784
7 822
553 81
314 63
514 484
597 154
399 317
873 471
822 948
44 776
396 820
727 967
854 65
886 762
776 101
953 346
801 548
46 536
931 744
301 808
463 229
978 58
754 628
938 831
721 578
977 70
196 713
621 95
906 897
291 206
186 969
118 949
52 436
844 543
6 68
646 291
192 305
905 210
642 925
482 290
529 911
971 787
919 300
526 738
246 396
450 542
123 285
590 924
60 977
96 23
380 311
622 80
836 924
275 247
345 269
603 564
495 873
605 353
744 484
130 946
431 655
634 105
188 961
259 668
170 644
76 31
361 787
404 105
745 144
844 650
684 898
164 89
117 433
36 845
115 250
593 868
760 180
223 150
539 320
775 15
740 646
789 782
422 217
944 484
199 411
579 239
519 360
98 340
713 271
729 187
62 313
728 749
910 676
762 749
999 121
341 552
178 464
174 971
550 519
565 349
33 483
872 645
947 842
884 911
112 286
593 473
836 168
50 797
215 779
119 113
795 783
507 460
787 107
72 504
555 209
298 18
717 127
159 197
215 85
27 794
378 39
713 371
231 848
127 273
204 565
307 508
910 786
761 610
628 251
977 117
267 484
629 83
720 748
360 84
874 423
52 569
670 269
638 592
18 472
480 831
121 484
307 674
776 137
165 249
206 905
10 32
23 742
23 587
573 702
633 971
195 310
649 36
383 278
343 137
580 614
410 617
39 825
599 520
484 780
564 518
214 609
744 794
639 139
406 395
203 439
587 313
362 303
363 102
144 488
638 798
322 487
687 617
700 68
840 620
751 232
395 758
168 394
38 323
485 486
913 698
382 923
401 68
790 76
103 894
780 22
917 414
437 137
38 538
576 89
918 789
274 578
532 575
618 458
945 142
864 919
782 26
261 618
44 579
982 896
958 44
881 693
938 7
965 292
365 869
612 105
699 936
410 807
367 154
911 50
643 279
535 199
99 837
403 456
930 147
130 748
353 409
929 875
632 716
543 413
815 959
321 209
864 25
646 908
342 23
222 363
988 350
687 512
476 145
147 361
688 86
696 826
557 798
17 407
975 513
564 732
76 907
642 566
875 682
980 73
983 434
549 680
556 196
213 488
149 48
779 479
835 691
896 4
470 621
504 639
889 659
800 2
19 781
948 414
185 912
563 823
776 136
354 415
914 407
429 266
681 454
582 983
359 574
962 551
830 300
923 102
919 508
200 288
690 870
605 696
299 874
7 846
194 307
535 455
53 688
550 743
284 314
769 58
191 292
879 829
719 65
668 854
838 31
324 576
196 445
45 121
100 683
597 428
276 411
72 137
211 370
842 220
457 322
396 780
56 947
432 463
73 173
278 499
744 58
827 652
647 868
171 20
444 46
404 640
501 866
909 947
429 791
235 699
103 268
606 82
966 435
257 605
707 878
326 701
192 562
906 647
509 499
235 466
320 319
639 690
287 648
683 223
714 828
998 758
730 639
513 688
541 899
736 326
846 41
409 449
661 885
853 990
768 760
519 575
954 392
582 192
669 803
343 429
209 401
101 12
489 934
11 979
638 833
731 172
185 722
76 71
178 388
757 863
214 287
39 753
752 458
544 954
688 95
457 73
112 249
529 343
687 847
122 167
135 255
191 61
564 223
228 574
279 257
583 177
178 791
571 434
720 499
597 978
91 426
384 380
386 150
650 200
359 447
966 883
146 943
368 891
994 723
458 406
366 360
884 688
87 619
304 603
980 963
231 347
514 574
482 89
531 627
419 503
251 243
438 941
514 939
77 927
724 404
227 27
466 667
251 666
623 457
812 85
660 897
413 735
883 401
948 398
703 89
499 807
920 652
81 317
615 218
4 163
454 600
570 600
967 682
770 965
264 366
54 138
841 67
108 736
379 246
352 718
751 279
548 757
191 746
700 517
839 474
861 733
759 278
891 561
73 867
961 134
634 402
986 80
338 920
517 284
324 82
978 65
634 538
400 755
167 997
471 74
474 981
994 724
941 5
859 539
858 576
900 525
901 642
908 938
315 850
591 183
793 34
884 439
497 642
531 131
140 117
327 96
197 577
790 965
68 161
418 623
177 743
938 883
980 194
405 423
155 919
105 594
447 271
314 772
764 993
7 739
324 22
166 426
973 638
453 489
281 262
381 276
108 607
976 948
946 596
891 890
215 341
950 125
809 561
966 316
648 852
487 753
664 137
571 506
992 158
27 282
227 626
473 836
952 658
38 128
149 668
967 214
524 133
239 902
146 642
414 251
592 264
89 18
428 37
683 274
148 900
849 226
945 103
32 13
194 842
937 570
76 363
843 289
330 272
929 474
232 487
124 755
731 476
793 504
890 127
895 27
486 699
668 615
177 459
363 512
877 646
981 314
980 197
661 703
248 821
155 388
306 537
362 684
50 402
477 943
741 307
89 559
834 825
721 99
822 660
250 175
117 855
483 420
253 60
931 780
909 792
390 233
888 216
342 698
851 374
623 83
542 698
353 54
614 494
844 457
291 873
500 658
518 657
440 928
981 439
230 978
29 223
332 890
220 982
411 366
335 565
721 782
92 94
458 996
703 533
566 414
508 463
534 58
635 309
899 315
205 151
371 646
165 46
38 916
771 704
80 962
479 43
833 601
917 141
146 277
313 910
275 852
834 126
884 934
374 433
434 501
289 729
284 234
547 190
779 403
588 221
566 704
652 208
644 642
455 309
446 470
842 434
20 898
245 588
820 323
700 765
640 946
749 626
477 248
48 545
589 38
491 666
108 835
125 30
5 135
783 570
590 785
54 639
757 750
888 582
873 982
98 676
58 69
212 480
635 509
671 0
178 416
80 307
74 529
223 907
228 137
499 445
801 294
906 390
798 630
630 333
804 344
546 428
310 998
940 462
532 766
681 205
14 740
41 103
186 597
499 72
991 468
50 411
282 938
114 354
872 134
260 488
598 436
972 548
509 70
707 290
466 516
548 531
987 412
89 973
363 10
638 456
844 95
729 139
691 548
400 259
494 405
975 878
172 429
788 782
875 651
167 557
615 276
498 694
90 244
324 155
511 412
813 183
259 370
899 631
575 269
170 558
894 538
739 16
95 38
371 21
485 234
602 960
760 834
471 3
653 415
760 297
304 999
400 393
620 159
189 399
301 208
83 370
529 619
851 431
570 552
742 672
403 420
263 669
311 397
218 125
796 297
42 813
675 541
320 921
906 778
896 726
428 129
562 899
670 404
256 182
523 788
425 896
252 776
185 147
512 641
145 85
286 183
854 943
785 277
893 645
11 493
350 666
748 98
831 299
917 509
232 969
0 717
564 858
357 709
689 227
249 766
187 689
487 519
327 473
788 67
652 924
206 720
675 569
643 92
899 519
214 797
273 600
81 406
405 909
259 887
891 279
496 852
678 188
519 704
965 286
475 446
738 853
981 554
216 517
23 21
831 163
492 659
281 482
82 361
233 182
48 896
458 287
380 307
267 339
514 461
770 824
625 586
318 380
887 516
290 412
193 872
302 481
889 402
171 204
153 421
931 668
295 636
690 271
393 790
643 469
4 419
927 666
420 560
755 550
884 44
103 5
474 57
533 921
824 301
422 899
172 721
181 37
561 85
24 818
492 356
456 673
77 422
10 106
159 991
681 600
824 523
915 74
402 240
690 184
81 402
500 313
25 237
729 721
802 306
524 585
962 994
346 545
537 482
951 829
332 704
172 808
103 739
335 382
181 415
203 139
909 114
852 517
783 389
672 623
627 665
528 831
673 123
518 403
449 540
295 131
669 487
167 954
725 484
638 418
810 256
126 791
85 503
756 135
745 726
138 36
255 467
717 451
789 29
575 475
806 668
788 278
119 674
928 55
580 97
740 951
453 362
783 13
241 735
787 373
624 561
826 411
988 706
964 401
487 42
138 588
674 839
291 780
930 751
548 87
911 953
216 699
443 901
718 595
34 637
954 378
256 636
1 489
565 918
124 560
999 435
961 220
786 463
153 169
852 557
854 547
696 154
591 336
384 996
130 76
629 174
821 29
258 621
841 257
92 812
818 565
574 836
157 372
335 15
150 140
249 237
559 528
395 453
309 372
916 937
905 506
291 2
136 995
677 209
575 646
888 634
639 680
466 32
226 845
201 197
445 672
280 61
400 85
563 70
372 177
123 359
919 59
42 114
986 270
806 376
736 110
878 382
462 394
512 210
842 357
669 711
867 976
411 840
496 113
239 263
27 545
77 525
406 101
362 631
280 40
678 136
595 150
756 836
366 638
266 490
814 455
838 338
87 770
434 650
492 764
101 46
365 749
253 297
124 405
108 745
549 245
152 9
292 42
732 874
383 319
638 235
319 748
767 549
119 233
619 742
501 722
581 997
232 683
572 923
299 168
219 598
947 190
954 381
501 813
713 678
946 182
195 190
574 639
536 382
464 355
927 187
799 280
179 118
747 265
168 657
516 845
697 419
9 725
147 528
134 439
982 646
884 85
547 318
828 5
992 640
781 279
696 245
290 758
500 950
885 431
674 762
685 36
823 494
583 254
440 844
67 852
678 635
172 440
792 345
227 727
887 233
327 901
644 158
647 47
240 130
79 576
741 39
810 237
257 587
154 69
879 597
417 372
97 606
909 880
94 851
991 586
828 218
330 398
735 126
413 226
372 947
559 924
300 392
287 212
172 78
959 295
205 954
218 416
391 98
38 378
659 898
788 147
989 631
815 912
95 10
823 472
6 277
26 539
909 109
853 909
53 748
41 601
765 219
985 750
945 588
25 819
398 76
251 345
566 944
693 759
9 305
367 975
338 776
492 484
205 335
214 216
89 789
281 275
380 840
463 353
693 524
25 32
624 130
590 285
538 24
932 72
368 71
842 385
571 320
153 321
680 222
600 458
136 429
914 580
208 905
775 966
477 380
764 590
354 445
406 90
6 84
504 233
150 336
608 98
246 269
981 699
470 959
713 264
595 226
928 916
158 799
437 389
698 930
283 145
66 777
127 75
349 310
561 9
5 698
922 747
963 449
403 510
551 625
968 371
713 167
308 897
16 903
307 551
681 57
786 54
201 662
38 384
548 487
155 620
701 638
327 513
79 564
82 366
149 770
930 158
60 573
193 651
623 595
449 872
750 213
236 580
185 523
73 180
202 307
699 275
102 35
936 457
650 722
833 908
530 747
972 123
729 673
681 792
459 120
425 758
161 579
24 315
296 368
58 166
191 403
997 89
351 968
296 674
335 513
29 92
815 800
802 435
548 755
83 485
353 869
767 277
387 747
471 819
284 461
148 69
647 730
983 537
137 280
126 448
404 381
975 750
875 85
996 834
215 709
186 580
852 572
52 984
530 146
594 249
364 824
319 923
185 255
578 225
513 798
423 560
317 129
152 358
491 663
180 347
53 892
849 690
170 875
511 674
154 338
351 875
329 595
37 453
787 574
128 92
788 882
176 530
993 193
634 669
744 995
668 992
12 403
754 463
653 453
741 297
609 49
735 392
992 319
421 757
413 216
174 694
113 96
942 853
244 417
160 697
190 189
586 267
511 784
787 335
112 54
898 647
362 586
828 775
78 894
240 254
877 327
45 197
212 597
612 551
352 636
548 357
73 636
808 329
460 914
602 181
241 962
668 409
786 566
711 917
470 763
487 386
758 792
606 385
11 166
804 95
684 394
628 194
947 966
562 684
470 916
726 468
889 408
293 598
109 923
804 517
332 312
44 155
108 345
393 303
677 385
700 407
115 351
21 783
698 612
183 698
785 917
163 895
838 907
420 992
240 949
250 848
567 608
192 316
937 23
543 53
377 264
54 62
946 28
880 311
853 448
92 569
150 239
824 305
197 452
881 272
351 67
891 620
528 830
112 260
713 816
38 39
394 860
390 48
352 54
968 194
912 405
359 170
125 407
248 324
311 861
1 568
730 709
304 310
363 865
508 780
295 76
262 478
177 906
429 724
158 845
385 751
536 230
82 625
767 723
553 466
684 933
844 851
326 607
303 984
509 863
422 959
657 984
667 34
209 964
364 763
749 848
176 814
284 54
206 674
860 620
544 913
178 119
426 653
848 885
637 31
329 753
530 498
308 801
750 786
199 279
838 839
637 938
564 933
437 689
533 378
169 525
51 62
438 669
280 741
717 677
822 4
299 287
329 723
862 421
620 723
50 853
194 652
19 75
178 920
499 757
738 355
407 727
626 754
745 437
831 94
619 69
120 516
755 798
541 65
633 722
780 915
608 0
708 479
548 73
508 790
417 963
134 155
781 103
494 448
877 161
430 25
767 131
597 100
327 369
27 676
390 818
76 275
306 916
518 118
539 338
651 953
45 330
51 777
331 46
595 553
472 457
142 461
587 775
271 13
641 686
880 871
947 255
868 473
990 780
800 690
766 371
542 373
877 563
97 747
11 191
574 562
524 7
333 284
461 513
597 432
717 29
17 806
704 488
779 920
590 273
976 584
70 983
556 817
921 715
707 834
241 292
45 341
616 823
768 73
272 605
830 458
946 779
823 374
385 530
402 827
996 610
612 847
499 66
179 82
151 462
355 21
809 747
580 441
964 984
312 646
546 445
89 131
273 512
125 308
457 411
580 912
452 804
975 206
815 682
95 557
174 444
698 532
388 79
687 11
544 759
979 382
103 827
108 47
354 844
327 619
646 319
869 148
870 980
523 494
43 216
903 501
80 815
104 362
860 536
446 101
520 576
255 556
514 853
652 857
227 989
197 164
788 146
685 22
626 567
979 918
759 772
983 771
815 861
329 923
916 823
918 881
35 647
623 907
136 432
843 441
257 502
546 908
302 617
732 16
787 596
467 5
805 67
894 762
691 316
461 636
287 261
201 109
922 282
492 561
591 660
14 554
815 971
770 948
340 296
134 396
954 676
643 45
751 860
571 579
612 340
752 271
393 281
904 104
24 631
834 372
466 373
702 17
620 581
907 830
587 363
834 512
959 423
688 622
992 803
574 782
153 507
406 957
671 323
439 464
0 451
728 474
628 688
334 438
112 375
201 343
810 506
757 339
777 761
237 259
229 627
609 744
186 294
510 317
319 580
500 482
589 969
797 537
173 315
529 401
630 232
7 317
261 101
418 659
172 153
328 168
22 48
464 59
262 894
727 16
587 807
146 833
702 11
668 683
38 197
685 698
876 4
501 261
854 203
968 154
180 620
737 996
825 141
562 576
68 83
181 509
870 141
611 45
427 138
213 199
439 257
244 462
869 164
927 329
444 74
188 127
806 641
768 365
820 390
47 233
783 309
372 217
141 196
695 131
44 144
448 777
360 884
432 875
965 506
96 786
545 998
81 174
563 292
134 242
973 2
371 27
263 216
637 774
56 257
528 669
659 920
58 582
63 832
14 580
488 247
48 232
836 298
849 119
4 229
172 261
14 767
31 371
154 179
980 724
898 8
791 277
439 202
909 490
708 858
22 70
38 551
752 741
194 378
539 530
225 553
935 310
208 562
336 19
621 791
760 178
434 497
121 128
538 776
981 143
669 832
576 447
900 167
765 26
599 893
61 941
689 643
351 528
123 171
782 677
628 697
782 184
469 414
160 668
830 467
405 255
289 434
435 731
737 546
55 961
176 57
630 119
811 876
912 535
616 395
685 316
860 554
720 118
903 631
221 924
764 522
664 586
938 578
628 972
342 711
969 332
310 97
86 109
875 984
789 197
215 472
947 128
566 8
361 483
105 395
406 969
817 505
40 252
424 241
62 585
452 770
964 499
408 866
92 912
232 738
563 959
564 947
951 200
396 797
241 806
110 397
882 873
390 147
549 84
372 429
545 405
927 423
869 974
216 975
101 972
623 575
293 423
674 736
988 292
132 845
40 355
147 636
294 442
653 405
755 227
20 837
957 830
618 567
279 548
228 380
943 617
553 299
110 331
807 916
460 30
75 979
154 452
428 922
929 289
446 471
619 186
804 753
89 211
996 480
997 254
451 428
961 631
450 113
116 616
834 500
691 961
944 748
591 313
94 498
543 454
822 531
310 954
827 929
751 356
652 42
108 138
773 677
304 968
432 336
507 709
791 532
704 203
916 826
706 919
986 636
274 230
380 498
598 370
606 256
74 761
537 124
548 454
909 203
729 924
10 962
857 561
207 267
54 747
981 599
791 637
168 789
548 186
339 793
41 67
382 697
163 990
240 160
630 493
512 867
838 360
180 410
450 810
43 785
108 66
862 452
72 497
570 542
256 500
175 150
563 37
975 674
786 75
940 858
640 167
864 264
132 84
315 416
465 287
427 944
440 90
238 378
977 680
830 152
217 418
149 772
403 185
434 760
266 60
488 686
715 42
499 884
454 580
342 54
934 908
315 541
38 897
720 632
300 302
496 277
145 815
92 555
949 965
890 774
550 554
626 831
536 942
484 524
35 417
999 521
453 975
79 184
666 81
591 648
42 684
302 517
701 958
461 900
494 985
793 309
665 244
905 216
766 160
801 584
228 899
772 176
944 355
824 978
219 186
935 959
476 244
670 164
360 647
489 86
352 312
809 765
363 935
399 266
222 628
798 385
540 317
463 758
986 529
936 315
540 735
731 749
88 787
969 653
180 5
478 554
412 428
990 700
507 433
65 924
58 371
454 182
502 157
643 436
300 61
583 67
828 217
517 113
90 292
919 188
41 206
578 721
539 512
972 49
165 966
887 417
730 735
880 567
642 558
585 530
982 354
974 399
915 544
59 412
538 20
933 872
388 219
527 991
181 54
762 679
758 570
966 463
899 736
362 11
34 530
991 675
569 407
800 330
186 431
649 44
382 2
370 418
395 853
481 717
867 566
503 156
304 129
506 280
55 861
369 9
898 117
429 448
173 660
550 355
619 672
678 85
264 854
356 870
284 716
249 57
750 28
719 734
484 72
891 669
