200 800
0 1
1 2
2 3
3 0
25 4
36 63
66 47
67 68
154 54
64 137
73 137
68 185
93 124
148 180
121 111
183 74
112 127
60 77
195 49
71 32
189 23
28 2
99 121
0 114
109 172
133 96
146 87
135 73
114 176
67 144
71 61
167 135
140 187
161 39
29 197
62 173
42 107
101 195
136 139
27 23
30 176
150 172
62 83
53 58
103 20
19 167
156 166
160 140
123 29
142 10
162 112
41 43
185 14
58 18
92 166
101 131
56 171
195 51
94 162
140 121
104 117
121 120
141 199
160 46
96 22
183 160
67 88
92 23
149 123
50 183
66 130
21 194
29 68
198 16
185 47
193 15
151 104
178 25
6 30
78 8
74 2
32 147
13 122
50 94
18 177
14 95
3 130
123 67
37 125
12 113
67 113
86 106
184 128
197 128
91 2
87 65
79 60
175 168
90 151
140 48
161 184
154 67
3 131
71 67
137 110
183 156
12 86
69 57
114 101
154 26
52 173
52 165
172 55
182 178
86 111
14 44
61 96
176 79
34 195
40 63
134 99
62 60
67 192
141 59
4 86
3 10
123 112
25 20
170 69
125 152
196 134
89 171
103 81
32 2
150 67
162 115
133 94
125 129
75 174
84 80
106 111
1 160
75 179
115 34
83 4
26 72
192 146
131 120
161 138
139 37
186 141
63 56
179 184
133 116
167 72
62 167
111 136
68 140
5 106
197 54
36 110
131 194
95 33
14 109
54 148
49 29
193 4
86 62
177 14
195 75
157 66
149 72
150 59
1 113
63 24
143 13
128 82
163 122
10 45
94 6
165 23
11 154
37 173
185 114
0 168
117 181
104 179
105 154
131 41
47 10
24 186
16 192
180 161
89 6
177 28
3 2
96 142
90 43
120 58
198 83
185 94
48 47
61 86
99 72
96 81
58 48
180 69
176 68
114 119
113 148
197 151
159 127
106 18
27 157
117 172
6 92
118 88
52 167
103 67
191 38
62 34
199 179
1 178
20 103
185 82
41 159
171 36
78 175
101 143
151 82
76 83
121 131
82 21
141 155
12 30
47 30
27 39
98 119
190 88
106 153
24 120
108 110
61 25
36 128
18 136
41 124
69 45
198 191
38 44
123 79
97 128
84 155
59 117
149 91
199 39
32 159
30 27
6 129
79 184
48 40
80 71
99 161
60 15
65 179
116 48
13 143
67 80
171 71
174 41
5 26
139 183
183 147
43 1
163 158
68 179
150 100
0 160
50 192
198 101
1 128
17 70
16 189
166 95
134 72
140 27
102 176
125 181
32 51
37 124
168 11
89 32
156 105
89 177
140 144
140 66
118 19
6 139
79 70
199 168
87 183
153 105
172 151
102 185
169 97
48 87
158 199
127 30
49 168
91 179
92 195
27 177
1 156
91 133
127 32
35 42
47 77
63 9
141 2
95 64
30 168
33 151
152 129
113 53
27 103
63 72
106 179
165 181
145 143
196 32
125 132
25 38
164 71
108 115
183 123
180 1
162 72
147 113
81 131
145 158
96 1
129 52
26 152
77 176
12 133
112 173
131 50
189 56
69 46
166 31
177 117
17 102
10 20
43 67
134 144
146 47
16 20
14 138
165 48
103 23
182 125
19 28
1 181
28 162
76 127
145 107
62 24
95 97
128 154
167 7
194 177
186 47
131 86
19 186
132 139
193 23
83 108
139 117
43 108
113 117
80 132
57 198
185 186
23 115
83 130
65 178
181 80
163 24
79 167
16 148
80 176
48 25
10 32
19 46
10 23
169 56
186 121
22 19
183 10
146 56
103 156
16 36
165 178
107 143
162 189
88 140
55 54
3 81
22 79
88 3
175 199
6 199
14 71
136 104
112 115
124 164
160 195
159 13
12 80
157 37
123 177
88 185
67 25
167 152
93 15
182 14
122 144
55 103
160 169
186 0
94 123
77 62
186 55
175 47
176 7
48 101
120 182
75 50
197 143
96 29
92 164
37 44
190 192
43 11
7 21
190 142
174 36
137 66
109 197
194 94
137 166
112 160
168 100
21 108
141 107
78 60
135 187
29 199
195 64
167 153
29 157
128 93
153 114
51 93
21 106
94 174
63 33
140 130
63 105
57 172
40 64
111 151
38 91
176 28
113 121
52 133
64 145
69 85
54 6
158 181
191 94
42 67
73 17
188 42
81 120
39 198
142 46
14 170
138 71
195 145
90 82
113 156
98 105
36 179
190 20
47 144
90 126
136 123
54 190
88 164
91 147
29 165
11 164
199 93
80 13
168 147
197 47
106 95
29 99
83 82
131 101
19 23
75 29
121 196
15 63
182 189
44 47
59 175
186 170
160 63
95 193
0 57
33 130
12 153
188 80
79 29
175 192
172 196
0 34
171 91
116 110
155 47
68 31
93 56
108 189
71 178
47 131
144 81
24 143
181 101
57 188
8 75
146 33
84 76
174 87
168 26
144 172
150 181
58 140
141 67
71 167
159 85
85 41
38 196
118 100
36 150
65 108
18 178
150 0
64 35
120 7
84 22
124 1
148 181
92 83
170 130
23 156
149 184
65 28
146 175
57 82
5 92
191 162
150 120
83 154
191 157
81 186
44 32
137 5
164 129
27 15
14 113
119 160
174 29
104 19
52 6
4 25
187 79
123 46
121 7
92 181
191 183
112 17
77 182
159 26
1 17
96 99
79 114
10 93
101 54
136 157
128 36
48 137
67 26
44 142
45 174
142 50
138 41
4 16
115 85
72 114
99 177
175 39
170 36
119 86
150 118
119 190
77 166
71 24
90 28
6 161
29 185
75 150
21 38
74 126
102 125
37 10
27 142
168 196
143 123
59 10
3 51
171 45
78 110
92 126
38 175
83 178
119 60
4 169
158 155
76 166
140 193
96 86
176 18
58 184
90 172
21 50
79 30
114 144
55 152
138 127
70 181
169 122
30 169
46 103
169 157
51 14
84 184
197 141
186 46
127 88
32 71
69 119
40 106
45 11
134 11
6 13
7 182
192 157
195 55
124 145
141 181
0 171
30 24
122 189
149 93
32 177
18 64
180 21
53 149
95 89
8 182
135 78
16 183
32 144
175 0
66 195
5 86
83 140
80 7
51 45
90 22
185 87
59 80
145 167
193 52
62 194
91 66
135 87
115 186
124 52
37 88
193 196
24 13
109 21
29 188
141 33
53 111
6 197
62 164
121 8
94 110
123 68
39 9
56 120
191 199
22 74
141 73
5 189
107 35
86 143
165 52
5 197
55 137
155 158
131 69
25 150
38 67
13 102
2 14
178 146
37 185
174 18
190 163
127 140
40 138
180 78
144 149
4 130
82 131
175 20
7 114
166 59
23 131
36 138
75 40
193 51
178 30
34 115
97 189
144 10
143 141
119 154
1 139
127 156
50 148
86 184
11 34
142 7
51 170
178 89
95 168
193 82
187 56
64 154
47 196
53 167
146 134
36 41
57 113
132 33
24 98
115 71
157 108
122 51
127 44
139 128
117 0
95 88
72 49
132 52
72 115
136 126
41 166
99 69
1 173
132 94
95 122
126 60
22 136
3 61
54 136
95 124
72 15
179 102
66 165
123 113
70 115
123 39
100 85
40 162
